-0.0721333532276663	0.0267325297004451	0.0614251341445265
-0.0798449720205675	0.046936064600777	0.00382708386574952
-0.0720383053098778	0.0460384623654973	0.0840384961178725
0.0895010176343785	0.0418488233479812	-0.00794538237138379
-0.0321841202276159	-0.0145160739755324	-0.0374328341070346
-0.0285256309875341	0.0429521637071509	0.0590747467687358
0.0854664086626568	0.0332956637285054	0.0611829120846596
-0.00543263502958159	-0.0263010536169647	-0.137572406865327
-0.0303469363541547	-0.0543049775279282	-0.0218170040732743
-0.0766084127571255	0.0203014969230495	-0.00907918851995811
-0.0726211435567553	-0.02974154466995	-0.0500717971032692
0.0790748295960488	0.0224500880031669	0.0116017252009238
-0.0383721035126532	0.0778751293716071	0.0880411772370001
-0.0851648653766306	0.00494366344552293	-0.000232063459634184
0.0476426458936885	0.0688451029168146	0.0918208629219459
0.0170300512027709	-0.159054730344557	0.0272781581533697
0.0377171449913326	0.0796205061050985	0.0669595600287398
0.0209727067926532	-0.170819977823517	0.0528082408427941
0.0551091913291673	0.0183094094324436	-0.0984138984619299
0.0604292214487812	0.0147456766176453	-0.0943773338754016
0.066682100473073	0.0416842224904644	-0.0416872253860016
-0.00785305022190177	-0.0279655992721387	-0.135196994187089
-0.0122866682275943	0.0518181723570654	0.0410474846039099
-0.0467898632669592	-0.025163169186162	-0.0577815951742692
-0.0667073276987225	-0.00887807539460496	-0.0172344265915431
0.0795987602214612	0.0393837579219995	0.0213393600237313
0.0302473841315544	-0.133353561682747	0.0682675053209466
-0.0839645547964721	0.0272263569760493	0.0607764159794522
0.00131914189003788	-0.0223042913936131	-0.133990783045003
-0.0867696145158797	0.0345563266816709	0.0584128074635512
-0.0712988454306332	0.00936869427189591	-0.0656381576809346
-0.0665626997287381	-0.0527873154707739	-0.0378777237218151
-0.0701934642198525	-0.0084455711595114	0.00900108703633436
-0.00431863802339284	-0.173542399907626	0.0493631360703617
-0.0873658345067614	0.0121308131664136	0.0302252915650595
0.0637159210059979	0.0359471363173985	0.0515990483159368
0.0641536288750081	0.02298441060582	-0.104940349815056
0.0670458611663641	0.0260035740522914	-0.0881815619804956
0.00621980061251826	0.00553021732763158	-0.163630232100539
0.0507880142197257	0.0848823108156249	0.0727654762212258
0.0601794157375126	0.000862580500966915	-0.0614155444306939
-0.000899430259481401	-0.0436396108022415	-0.0216257741812937
-0.00743419767827974	-0.022217710541015	-0.0171206820081375
-0.0664435173931146	-0.00726249309976287	0.0059287907206144
0.050988635940581	0.0568124789843974	-0.0985552193077707
0.0818805469089967	0.0319899176946261	-0.0248977464332243
-0.0898759989960389	0.00187878375996935	-0.0163700438642841
0.0457750214915724	0.0245944590051753	-0.0920463475600646
0.0827403552810801	0.0427900312076474	0.0523596256871811
-0.0204425543194328	-0.00776764293716845	-0.164582977250126
0.0770902787400294	0.0506105607298372	0.0523804287081602
0.0722459822865273	0.0590090360353968	-0.0777820907244006
0.084333211348458	0.010054699170032	0.0521507224732208
0.0632980913535823	0.0442075377489769	0.0205931794559561
0.0064774804254129	0.0345644285425438	-0.164924419168436
-0.0434884327842737	-0.0447826749174351	-0.0740018067228186
0.0885042945047336	0.0413018000174617	-0.000378281996091731
0.0913683285599445	0.039048438242535	0.0562255161598308
0.0506190474497175	-0.126525422243976	0.0265530327120072
0.0813793610571916	0.0602849620322945	0.0721548748164612
-0.0780312294521387	0.0394279772247144	0.0289753719925631
0.0424800064887928	-0.130612554561706	0.0653230000835871
-0.0584366561126826	0.0334227152130991	0.0234002691156913
-0.0920137597209414	0.0272073662264249	0.0188100675513235
-0.0710754904567636	0.0229712576842354	0.0355035895663068
0.0582326419694764	0.024079815435297	-0.0902925137850809
-0.000825771923139932	0.0850306677560779	0.0862847754075174
-0.0588846365985956	-0.00875531293732477	0.0347502746489645
0.0631655820590821	0.0176117619920985	-0.0520427575331464
0.0132856092028117	0.0449954129115893	0.0193411897227496
-0.0857950396877689	0.0165656615230302	0.0558574332702588
0.0732762467899979	0.0640154021004692	0.0233670882731426
0.0756208865973093	0.0474613383248616	-0.0408629509946854
-0.086547703176656	0.0354204782158688	0.0393495285907652
0.0811606394763785	-0.0302990837506723	0.061296888530819
0.0970766709921689	-0.0382929101673414	0.0853212228892969
0.0547646882354388	0.066081891390155	0.048908001512809
-0.0763435539266871	0.0564240297572514	0.0749732191286077
0.0433126884378761	0.0513235653090432	0.0594912357954448
-0.0646657556531613	0.0266537103512989	0.063694462328878
0.0802013755240226	0.0279139782222098	0.0397508300855991
0.0661101637757001	0.0609289577585069	-0.0406262188667856
-0.087199511115218	0.0398623607664268	0.0353576207682681
0.0217395619341481	-0.00179142990733499	-0.116190858467134
-0.0697605551975417	-0.0266488192758832	-0.0446292899602407
0.0871864493079398	0.0444587529301823	0.0151863321918962
-0.0352431267157098	0.0444204053471457	0.0802838975969458
0.036114055699185	-0.0960698062224684	0.053589758598754
0.0520749858389789	-0.0980478289858095	0.0363253915928378
0.0893913648189074	0.0675451276228957	0.055871939329447
-0.0907858844805101	0.000403432939034096	0.00890607562282694
-0.0961982525210969	0.028751435915867	0.069552122450673
-0.0218396780300849	0.0606063201985568	0.0733065892991228
0.0483433166427684	-0.136800645007085	0.0491459891137484
-0.0479490643924063	-0.057454313493758	-0.0702939311946801
-0.0344704084447022	-0.0469657303409421	-0.0493842997184443
0.0777566189233802	0.0524117346533998	-0.00988080338687851
-0.0768179612308797	-0.0318988289066478	-0.0601715880349339
0.0673894758495312	0.0617616722930049	0.0800336204418189
-0.0681447398195675	0.00133111403122391	-0.00227587186831257
0.012417919166608	-0.184486216424732	0.0211135181123103
0.0647569472268484	0.0334904792403402	-0.108334353118571
-0.00273848680346327	-0.202758876622541	0.0206140603357486
0.0633757652144276	0.0444482091721756	-0.0280701135465115
-0.0642828380803402	-0.0480392920993241	-0.0795430968957669
-0.0788370350422964	0.0423023615058037	0.0503095028247088
-0.0556265894295077	-0.020550171018489	-0.0789290675642976
0.0872731628948266	0.0673210430227108	0.0709128581698231
-0.0432616784546954	-0.00316324900196287	-0.0163291115447406
-0.0735182581154955	-0.0303918258708116	-0.0572007894495624
0.0722163703128602	0.0500020897105504	0.00220690339229198
-0.0483904539608144	0.0607883600972866	0.0625026422044316
0.0518076131829064	-0.178763034553368	0.0434651431407116
0.0718559238410717	0.0315397875699416	-0.00878268806977721
0.0204535682409932	-0.0141982172816732	-0.163096321350842
0.0760299241893755	-0.0138322926850454	0.0652255883102963
0.0628261744674123	-0.0963024352235624	0.0546067315850782
-0.0343045515686357	-0.0136389728836391	-0.0308471602349767
0.0576816358748274	-0.00191685336163912	-0.123203760226359
-0.0803804902329572	0.00906792601378333	-0.00261769138100682
0.0777890284147561	0.0702643273439821	0.0554070020595123
0.0566442624967197	-0.105139248583211	0.0391338726222698
0.0218515096163624	-0.00553752676678726	-0.141687218726343
-0.0573000597711623	-0.0078950739128848	0.0207440081480813
0.0837955792672452	0.0531737825199787	0.0372500173176656
0.0561927260239398	0.0180669362386737	-0.0860990937033512
-0.047264724377779	0.0553745782231378	0.0651251837825742
-0.000790350321916827	-0.0139183616903577	-0.160732620349206
0.080213355930176	0.0401219479368958	0.0132486033960741
-0.0534860279887494	-0.0250035013094782	-0.066331035239694
-0.036094504293183	0.0231925462818921	0.0229742018966812
0.0899852939369544	-0.0476783525283095	0.0497423773384389
0.0899057815149091	0.0480671840722576	-0.0733145085616548
0.0500320832348519	0.0357958397490723	0.014581518108837
0.0279308760581492	0.0569439809871199	0.058407294493946
0.0917472690274568	0.0239664198121722	0.0590513570123761
-0.0756816591009966	0.0359423394149975	0.0483345630322863
-0.047676454210547	-0.028145089385173	-0.0582205599557655
-0.0418459641146051	-0.0181086208359009	0.0275206023006066
-0.0635715263507755	0.0520059610773449	0.0135597076626317
0.0436606687830737	0.0403808432967477	-0.123189825062421
-0.0327346219751647	0.0590738253109906	0.0616287326283227
-0.0487697874666736	-0.0547366107193031	-0.0942227327019902
-0.0593289469486748	0.0161872743911207	0.0401967195368629
-0.0171931581600274	-0.0274308766377194	-0.023086549633116
-0.0973127688284947	0.0390316441449169	0.0158705595868433
0.0848398006522917	0.0960577470740221	0.0569102268725101
-0.0361451921101485	0.0691370767859623	0.0486707117688721
0.0558894540865505	-0.0870656152590149	0.0681606285428064
0.0643244814816787	0.0114271227728024	-0.0922639988830031
0.0349743863003452	-0.131200412339528	0.046847521525597
-0.0169138181549004	-0.0396656778851643	-0.000945023039771842
-0.068393061664462	-0.0617501887700567	-0.0593817028868126
0.0826577615441168	-0.0577642723983677	0.0635273377168217
0.0809061337704635	-0.0605324515686147	0.0625924940842529
0.0856550908687397	0.0300060279955463	-0.0528787723340041
-0.038327087302766	0.043391648012906	0.0196940937636157
-0.076102536295484	0.0136362333801902	-0.0228266833496257
-0.108495046242282	0.0658948890161464	0.0507083319615707
-0.0681009131768435	0.0173824658287635	-0.0046448824091083
0.0532626926982817	0.0234039902744592	-0.0867086569993159
0.0495273755730972	0.0183126599619328	-0.088414751179249
-0.0665813806036765	-0.0159008734890819	-0.0559570910034177
0.0437145292561116	0.00492953203520511	-0.102320339651391
0.0623693597897044	0.0376581476957643	0.0538486654787368
-0.0867723254030061	-0.0131960094421582	-0.0490415520381958
-0.0196977181966553	-0.0375903031723851	-0.0457441855537443
0.0164588229746156	-0.170702950121407	0.0293026437577385
-0.0212598671675948	0.0171424376451781	-0.00299417525302799
0.0153890285224262	-0.175332437717004	0.0563317413212299
0.0508894680488976	0.0530706091395368	0.0860761807169957
-0.0631211500974445	0.00598220092381477	0.0105932931222393
0.0211033400784356	0.00835799170316454	-0.13234219113602
-0.0210089267808669	0.0636649269523774	0.0778649231459507
-0.0480389774037468	-0.01040000837835	0.0374015869826053
-0.0832151601466316	0.0329081539106666	0.0484150167927492
-0.0824642831727893	0.00595168779978103	0.0245285579873147
-0.0138921994534635	-0.00657424568719875	-0.142406546158447
0.0830386211521119	0.0385128951398734	0.0343777147528388
0.0546174445613196	0.0307641952740282	0.0518530877460719
-0.0830748280840356	-0.0235554424842474	-0.0168888637794578
0.0637453872934706	0.0164439318890321	-0.101105494291926
0.0850613625337675	0.0568251475095027	-0.0129663994600163
0.0564926046517606	0.0331828868006705	-0.0666554082530646
0.0517525894863078	0.044049804590499	0.0266674557622522
0.018200737493794	0.052129505348974	0.0735738516979224
0.0171049742140342	-0.173439048880178	0.0465372844630558
-0.0245131403341925	0.0136680712912881	-0.0503253768222518
-0.0741431248455273	-0.0231536677699394	-0.0453506977916831
-0.0977003802622451	0.047984219285354	0.0564151143154577
-0.0873407995886137	0.0255015426178527	-0.0102795102987874
0.0378347321589049	-0.171498124195612	0.0378622031832532
-0.0638423041112583	0.0209557770004712	0.0193605134070181
-0.0661338793193652	0.0656416747720715	0.0415680172472745
0.0189887749804518	0.088302945558077	0.0576560483113794
-0.0851107483493313	-0.00346034479285832	-0.00927158422632957
0.00563807295236292	-0.174262028794617	0.0248345625099291
0.107351960871535	0.0581532655112861	0.0752366651619869
-0.0803065031879242	0.017785013836365	0.0348922134740118
0.0670083800750147	0.0462783909188186	-0.0636566165964391
0.00393595574966812	0.0725840776136824	0.0389422426703007
-0.0674216867720284	-0.0508885322510343	-0.0648065928045635
-0.0402891959906094	0.00242154743788167	0.0450055007470178
-0.0895967134687506	0.0446156350029273	0.0758897358529253
-0.0693722226095642	-0.027877449042067	-0.0625226316435161
-0.0862239060966211	0.00241577924448458	-0.0256080377511331
0.0501280643545978	0.0351595943993711	-0.105729424909463
0.0418093741099178	-0.103159030153546	0.0290364618041495
-0.0498621888090298	-0.00517560208732847	-0.0141129797851789
0.0213655849833775	-0.159266919584867	0.0381092459758575
0.0691501888993245	0.0340393410544305	0.046819012344637
-0.0314456362943126	-0.0286953806207137	0.00409924389272826
-0.0567169071985475	-0.0164882899873617	-0.00827820800177291
0.0338779412603045	-0.157531213004481	0.0210538804394058
-0.0695844431824101	-0.0271884664759868	-0.0502221384586976
-0.0831850304516472	0.0323056515940908	0.0140882601520113
0.0176979705715191	-0.0126634815636521	-0.131397791481516
0.0771579392777749	0.079974302557671	0.0652980441244029
-0.00830861426896618	-0.0163369817743337	-0.149669540561215
0.0531967849106543	0.0493099123011861	-0.0916423115476431
-0.0743096704253428	-0.0190067180411486	-0.0313577368039283
-0.0825302713198876	0.0285200568620836	0.0373921400812629
-0.00260033995956048	0.0630457011099914	0.0430836712873373
0.0833415238857296	-0.0205791079135355	0.0250254705876602
0.0419821395492676	-0.126328619448228	0.0657844493993006
0.0616631067388611	0.0602229067442288	0.0379859208895507
-0.0562398144612881	-0.00916816975801285	0.00808115514851223
-0.0962857042831507	0.0296379646386539	0.0372598162864887
0.0594545143691973	-0.101922247180423	0.0593110805950714
-0.0843222717200208	-0.0083112550968831	-0.0357773648671561
-0.0635774386757646	-0.0036417937898432	0.0370682443987217
0.0542378568993945	-0.134147547659812	0.0561176629647717
0.071933205640439	0.070939168328819	-0.0188018475036109
-0.0995851000926499	0.0407926639738128	0.0397989460526324
0.0631267708595085	0.0470888162974637	-0.123571662671247
-0.0151805831864624	0.041752804247599	0.0374380102876858
-0.086900697503467	0.0344069379487672	0.0445505695186602
0.0284668700872602	-0.189795817800421	0.0682286110977737
0.0608851937522183	-0.0599010401755838	0.0564886890110695
-0.0345918943442819	-0.0207922214477166	0.00323809230425211
0.0955842484964633	0.0246188088113544	0.0570084270831544
0.0606019425162301	0.0667889561512439	0.0405558192673834
0.0904787794018079	0.0525108902427078	-0.0445562311170463
0.0551650921623305	-0.16441759660919	0.0669696376379157
-0.0856053482329781	0.00153912024456158	-0.013613074685312
0.0423851752590967	0.0205168307154206	-0.0879681997210887
-0.0874080548299092	0.0406680206301406	0.0507427585979278
-0.0745659730213357	0.0274916120835887	-0.00260831458820479
-0.0839922335583167	0.040530441978041	0.0377667620965605
-0.0574270650707481	-0.00491283543232104	0.0169002986486306
